** Händlerbeleg **

Bezahlung Mastercard

31.12.2023                  01:48:57 CET
Terminal-ID:                    52500038
TA-Nr.:                           000270
Beleg-Nr.:                          0081
Vorgangs-Nr.:                       0208
VU-Nummer:                          9999
App-ID:                   A0000000041010
Karten-Nr.:             xxxxxxxxxxxx5901
Kartenfolge-Nr.:                      00
Erfassungsart:                Kontaktlos
EMV-DATA:
0000048001//420300///05

Betrag:               EUR 2,51


####################
51 Vorgang nicht möglich
Vorgang nicht möglich
( AC 51 )
####################

---------------------------
Info:
AS-Proc-Code= 00 075 00
Capt.-Ref.= 0000
---------------------------

->PT: 80 00 00
<-PT: received 1001 from 1001
<-PT* BlockReceipt (06D3) size (1001)
<-PT$ 06 d3 ff e4 03 06 82 03 e0 1f 07 01 02 25 82 03 d8 07 00 07 28 20 20 20 20 20 20 20 20 20 20 20 2a 2a 20 4b 75 6e 64 65 6e 62 65 6c 65 67 20 2a 2a 20 20 20 20 20 20 20 20 20 20 20 20 07 00 07 28 20 20 20 20 20 20 20 20 20 20 42 65 7a 61 68 6c 75 6e 67 20 4d 61 73 74 65 72 63 61 72 64 20 20 20 20 20 20 20 20 20 20 07 00 07 28 33 31 2e 31 32 2e 32 30 32 33 20 20 20 20 20 20 20 20 20 20 20 20 20 20 20 20 20 20 30 31 3a 34 38 3a 35 37 20 43 45 54 07 28 54 65 72 6d 69 6e 61 6c 2d 49 44 3a 20 20 20 20 20 20 20 20 20 20 20 20 20 20 20 20 20 20 20 20 35 32 35 30 30 30 33 38 07 28 54 41 2d 4e 72 2e 3a 20 20 20 20 20 20 20 20 20 20 20 20 20 20 20 20 20 20 20 20 20 20 20 20 20 20 20 30 30 30 32 37 30 07 28 42 65 6c 65 67 2d 4e 72 2e 3a 20 20 20 20 20 20 20 20 20 20 20 20 20 20 20 20 20 20 20 20 20 20 20 20 20 20 30 30 38 31 07 28 56 6f 72 67 61 6e 67 73 2d 4e 72 2e 3a 20 20 20 20 20 20 20 20 20 20 20 20 20 20 20 20 20 20 20 20 20 20 20 30 32 30 38 07 28 56 55 2d 4e 75 6d 6d 65 72 3a 20 20 20 20 20 20 20 20 20 20 20 20 20 20 20 20 20 20 20 20 20 20 20 20 20 20 39 39 39 39 07 28 41 70 70 2d 49 44 3a 20 20 20 20 20 20 20 20 20 20 20 20 20 20 20 20 20 20 20 41 30 30 30 30 30 30 30 30 34 31 30 31 30 07 28 4b 61 72 74 65 6e 2d 4e 72 2e 3a 20 20 20 20 20 20 20 20 20 20 20 20 20 78 78 78 78 78 78 78 78 78 78 78 78 35 39 30 31 07 28 4b 61 72 74 65 6e 66 6f 6c 67 65 2d 4e 72 2e 3a 20 20 20 20 20 20 20 20 20 20 20 20 20 20 20 20 20 20 20 20 20 20 30 30 07 28 45 72 66 61 73 73 75 6e 67 73 61 72 74 3a 20 20 20 20 20 20 20 20 20 20 20 20 20 20 20 20 4b 6f 6e 74 61 6b 74 6c 6f 73 07 28 45 4d 56 2d 44 41 54 41 3a 20 20 20 20 20 20 20 20 20 20 20 20 20 20 20 20 20 20 20 20 20 20 20 20 20 20 20 20 20 20 20 07 28 30 30 30 30 30 34 38 30 30 31 2f 2f 34 32 30 33 30 30 2f 2f 2f 30 35 20 20 20 20 20 20 20 20 20 20 20 20 20 20 20 20 20 07 00 07 28 42 65 74 72 61 67 3a 20 20 20 20 20 20 20 20 20 20 20 20 20 20 20 45 55 52 20 32 2c 35 31 20 20 20 20 20 20 20 20 20 20 07 00 07 00 07 28 20 20 20 20 20 20 20 20 20 20 23 23 23 23 23 23 23 23 23 23 23 23 23 23 23 23 23 23 23 23 20 20 20 20 20 20 20 20 20 20 07 29 20 20 20 20 20 20 20 20 20 56 6f 72 67 61 6e 67 20 6e 69 63 68 74 20 6d c3 b6 67 6c 69 63 68 20 20 20 20 20 20 20 20 20 20 07 28 20 20 20 20 20 20 20 20 20 20 23 23 23 23 23 23 23 23 23 23 23 23 23 23 23 23 23 23 23 23 20 20 20 20 20 20 20 20 20 20 07 00 07 28 20 20 20 20 20 20 2d 2d 2d 2d 2d 2d 2d 2d 2d 2d 2d 2d 2d 2d 2d 2d 2d 2d 2d 2d 2d 2d 2d 2d 2d 2d 2d 20 20 20 20 20 20 20 07 28 49 6e 66 6f 3a 20 20 20 20 20 20 20 20 20 20 20 20 20 20 20 20 20 20 20 20 20 20 20 20 20 20 20 20 20 20 20 20 20 20 20 07 28 41 53 2d 50 72 6f 63 2d 43 6f 64 65 3d 20 30 30 20 30 37 35 20 30 30 20 20 20 20 20 20 20 20 20 20 20 20 20 20 20 20 20 07 28 43 61 70 74 2e 2d 52 65 66 2e 3d 20 30 30 30 30 20 20 20 20 20 20 20 20 20 20 20 20 20 20 20 20 20 20 20 20 20 20 20 20 07 28 20 20 20 20 20 20 2d 2d 2d 2d 2d 2d 2d 2d 2d 2d 2d 2d 2d 2d 2d 2d 2d 2d 2d 2d 2d 2d 2d 2d 2d 2d 2d 20 20 20 20 20 20 20 09 01 ff
<-PT: BlockReceipt (06D3)
<-PT: is_merchant      : 0
<-PT: is_customer      : 1
<-PT: is_administration: 0
<-PT:


Status: 33
Trace: 270

Order Details:
{
    "target": "devices",
    "message": {
        "automatenID": "Testumgebung",
        "whichTerminal": "front",
        "orderID": null,
        "orderStatus": "paymentReserved",
        "timeStampOrder": "20231231_014902",
        "totalPrice": 2.51,
        "tip": 0,
        "products": [
            {
                "productName": "Expresso",
                "productCategory": "Kaffee",
                "calculatedPrice": 2.51,
                "choosenSize": "35 ml",
                "choosenSugar": "zero",
                "choosenMug": "einwegVariable",
                "choosenLid": "ohneDeckel",
                "preparationStation": "ordered",
                "quantity": 1
            }
        ]
    }
}
