** Händlerbeleg **

Bezahlung girocard

21.12.2023                  23:47:41 CET
Terminal-ID:                    52500038
TA-Nr.:                           000171
Beleg-Nr.:                          0051
Vorgangs-Nr.:                       0121
VU-Nummer:                      14698003
App-ID:             A0000003591010028001
Kartenfolge-Nr.:                      01
Konto-Nr.:           6725904411002022103
Karte gültig bis:                  12/26
Erfassungsart:                Kontaktlos
EMV-DATA:
/0000040001//A000000359/020300/

Betrag:               EUR 2,55


####################
55 Geheimzahl falsch
Geheimzahl falsch
( AC 55 )
####################

->PT: 80 00 00
<-PT: received 788 from 788
<-PT* BlockReceipt (06D3) size (788)
<-PT$ 06 d3 ff 0f 03 06 82 03 0b 1f 07 01 02 25 82 03 03 07 00 07 28 20 20 20 20 20 20 20 20 20 20 20 2a 2a 20 4b 75 6e 64 65 6e 62 65 6c 65 67 20 2a 2a 20 20 20 20 20 20 20 20 20 20 20 20 07 00 07 28 20 20 20 20 20 20 20 20 20 20 20 42 65 7a 61 68 6c 75 6e 67 20 67 69 72 6f 63 61 72 64 20 20 20 20 20 20 20 20 20 20 20 07 00 07 28 32 31 2e 31 32 2e 32 30 32 33 20 20 20 20 20 20 20 20 20 20 20 20 20 20 20 20 20 20 32 33 3a 34 37 3a 34 31 20 43 45 54 07 28 54 65 72 6d 69 6e 61 6c 2d 49 44 3a 20 20 20 20 20 20 20 20 20 20 20 20 20 20 20 20 20 20 20 20 35 32 35 30 30 30 33 38 07 28 54 41 2d 4e 72 2e 3a 20 20 20 20 20 20 20 20 20 20 20 20 20 20 20 20 20 20 20 20 20 20 20 20 20 20 20 30 30 30 31 37 31 07 28 42 65 6c 65 67 2d 4e 72 2e 3a 20 20 20 20 20 20 20 20 20 20 20 20 20 20 20 20 20 20 20 20 20 20 20 20 20 20 30 30 35 31 07 28 56 6f 72 67 61 6e 67 73 2d 4e 72 2e 3a 20 20 20 20 20 20 20 20 20 20 20 20 20 20 20 20 20 20 20 20 20 20 20 30 31 32 31 07 28 56 55 2d 4e 75 6d 6d 65 72 3a 20 20 20 20 20 20 20 20 20 20 20 20 20 20 20 20 20 20 20 20 20 20 31 34 36 39 38 30 30 33 07 28 41 70 70 2d 49 44 3a 20 20 20 20 20 20 20 20 20 20 20 20 20 41 30 30 30 30 30 30 33 35 39 31 30 31 30 30 32 38 30 30 31 07 28 4b 61 72 74 65 6e 66 6f 6c 67 65 2d 4e 72 2e 3a 20 20 20 20 20 20 20 20 20 20 20 20 20 20 20 20 20 20 20 20 20 20 30 31 07 28 4b 6f 6e 74 6f 2d 4e 72 2e 3a 20 20 20 20 20 20 20 20 20 20 20 78 78 78 78 78 78 78 78 78 78 78 78 78 78 78 32 31 30 33 07 28 45 72 66 61 73 73 75 6e 67 73 61 72 74 3a 20 20 20 20 20 20 20 20 20 20 20 20 20 20 20 20 4b 6f 6e 74 61 6b 74 6c 6f 73 07 28 45 4d 56 2d 44 41 54 41 3a 20 20 20 20 20 20 20 20 20 20 20 20 20 20 20 20 20 20 20 20 20 20 20 20 20 20 20 20 20 20 20 07 28 30 32 30 33 30 30 2f 30 30 30 30 30 34 30 30 30 31 20 20 20 20 20 20 20 20 20 20 20 20 20 20 20 20 20 20 20 20 20 20 20 07 00 07 28 42 65 74 72 61 67 3a 20 20 20 20 20 20 20 20 20 20 20 20 20 20 20 45 55 52 20 32 2c 35 35 20 20 20 20 20 20 20 20 20 20 07 00 07 00 07 28 20 20 20 20 20 20 20 20 20 20 23 23 23 23 23 23 23 23 23 23 23 23 23 23 23 23 23 23 23 23 20 20 20 20 20 20 20 20 20 20 07 28 20 20 20 20 20 20 20 20 20 20 20 47 65 68 65 69 6d 7a 61 68 6c 20 66 61 6c 73 63 68 20 20 20 20 20 20 20 20 20 20 20 20 07 28 20 20 20 20 20 20 20 20 20 20 23 23 23 23 23 23 23 23 23 23 23 23 23 23 23 23 23 23 23 23 20 20 20 20 20 20 20 20 20 20 09 01 ff
<-PT: BlockReceipt (06D3)
<-PT: is_merchant      : 0
<-PT: is_customer      : 1
<-PT: is_administration: 0
<-PT:

