** Händlerbeleg **

Bezahlung Mastercard

22.12.2023                  00:15:36 CET
Terminal-ID:                    52500038
TA-Nr.:                           000179
Beleg-Nr.:                          0054
Vorgangs-Nr.:                       0127
VU-Nummer:                          9999
App-ID:                   A0000000041010
Karten-Nr.:             xxxxxxxxxxxx5901
Kartenfolge-Nr.:                      00
Erfassungsart:                Kontaktlos
EMV-DATA:
0000048001//420300///05

Betrag:               EUR 2,64


####################
64 Betr. abweich. v. Originaltr
Betr. Abweich. v. Originaltr.
( AC 64 )
####################

---------------------------
Info:
AS-Proc-Code= 00 075 00
Capt.-Ref.= 0000
---------------------------

->PT: 80 00 00
<-PT: received 1000 from 1000
<-PT* BlockReceipt (06D3) size (1000)
<-PT$ 06 d3 ff e3 03 06 82 03 df 1f 07 01 02 25 82 03 d7 07 00 07 28 20 20 20 20 20 20 20 20 20 20 20 2a 2a 20 4b 75 6e 64 65 6e 62 65 6c 65 67 20 2a 2a 20 20 20 20 20 20 20 20 20 20 20 20 07 00 07 28 20 20 20 20 20 20 20 20 20 20 42 65 7a 61 68 6c 75 6e 67 20 4d 61 73 74 65 72 63 61 72 64 20 20 20 20 20 20 20 20 20 20 07 00 07 28 32 32 2e 31 32 2e 32 30 32 33 20 20 20 20 20 20 20 20 20 20 20 20 20 20 20 20 20 20 30 30 3a 31 35 3a 33 36 20 43 45 54 07 28 54 65 72 6d 69 6e 61 6c 2d 49 44 3a 20 20 20 20 20 20 20 20 20 20 20 20 20 20 20 20 20 20 20 20 35 32 35 30 30 30 33 38 07 28 54 41 2d 4e 72 2e 3a 20 20 20 20 20 20 20 20 20 20 20 20 20 20 20 20 20 20 20 20 20 20 20 20 20 20 20 30 30 30 31 37 39 07 28 42 65 6c 65 67 2d 4e 72 2e 3a 20 20 20 20 20 20 20 20 20 20 20 20 20 20 20 20 20 20 20 20 20 20 20 20 20 20 30 30 35 34 07 28 56 6f 72 67 61 6e 67 73 2d 4e 72 2e 3a 20 20 20 20 20 20 20 20 20 20 20 20 20 20 20 20 20 20 20 20 20 20 20 30 31 32 37 07 28 56 55 2d 4e 75 6d 6d 65 72 3a 20 20 20 20 20 20 20 20 20 20 20 20 20 20 20 20 20 20 20 20 20 20 20 20 20 20 39 39 39 39 07 28 41 70 70 2d 49 44 3a 20 20 20 20 20 20 20 20 20 20 20 20 20 20 20 20 20 20 20 41 30 30 30 30 30 30 30 30 34 31 30 31 30 07 28 4b 61 72 74 65 6e 2d 4e 72 2e 3a 20 20 20 20 20 20 20 20 20 20 20 20 20 78 78 78 78 78 78 78 78 78 78 78 78 35 39 30 31 07 28 4b 61 72 74 65 6e 66 6f 6c 67 65 2d 4e 72 2e 3a 20 20 20 20 20 20 20 20 20 20 20 20 20 20 20 20 20 20 20 20 20 20 30 30 07 28 45 72 66 61 73 73 75 6e 67 73 61 72 74 3a 20 20 20 20 20 20 20 20 20 20 20 20 20 20 20 20 4b 6f 6e 74 61 6b 74 6c 6f 73 07 28 45 4d 56 2d 44 41 54 41 3a 20 20 20 20 20 20 20 20 20 20 20 20 20 20 20 20 20 20 20 20 20 20 20 20 20 20 20 20 20 20 20 07 28 30 30 30 30 30 34 38 30 30 31 2f 2f 34 32 30 33 30 30 2f 2f 2f 30 35 20 20 20 20 20 20 20 20 20 20 20 20 20 20 20 20 20 07 00 07 28 42 65 74 72 61 67 3a 20 20 20 20 20 20 20 20 20 20 20 20 20 20 20 45 55 52 20 32 2c 36 34 20 20 20 20 20 20 20 20 20 20 07 00 07 00 07 28 20 20 20 20 20 20 20 20 20 20 23 23 23 23 23 23 23 23 23 23 23 23 23 23 23 23 23 23 23 23 20 20 20 20 20 20 20 20 20 20 07 28 20 20 20 20 20 20 42 65 74 72 2e 20 61 62 77 65 69 63 68 2e 20 76 2e 20 4f 72 69 67 69 6e 61 6c 74 72 20 20 20 20 20 20 07 28 20 20 20 20 20 20 20 20 20 20 23 23 23 23 23 23 23 23 23 23 23 23 23 23 23 23 23 23 23 23 20 20 20 20 20 20 20 20 20 20 07 00 07 28 20 20 20 20 20 20 2d 2d 2d 2d 2d 2d 2d 2d 2d 2d 2d 2d 2d 2d 2d 2d 2d 2d 2d 2d 2d 2d 2d 2d 2d 2d 2d 20 20 20 20 20 20 20 07 28 49 6e 66 6f 3a 20 20 20 20 20 20 20 20 20 20 20 20 20 20 20 20 20 20 20 20 20 20 20 20 20 20 20 20 20 20 20 20 20 20 20 07 28 41 53 2d 50 72 6f 63 2d 43 6f 64 65 3d 20 30 30 20 30 37 35 20 30 30 20 20 20 20 20 20 20 20 20 20 20 20 20 20 20 20 20 07 28 43 61 70 74 2e 2d 52 65 66 2e 3d 20 30 30 30 30 20 20 20 20 20 20 20 20 20 20 20 20 20 20 20 20 20 20 20 20 20 20 20 20 07 28 20 20 20 20 20 20 2d 2d 2d 2d 2d 2d 2d 2d 2d 2d 2d 2d 2d 2d 2d 2d 2d 2d 2d 2d 2d 2d 2d 2d 2d 2d 2d 20 20 20 20 20 20 20 09 01 ff
<-PT: BlockReceipt (06D3)
<-PT: is_merchant      : 0
<-PT: is_customer      : 1
<-PT: is_administration: 0
<-PT:

