** Händlerbeleg **

Kartenzahlung Mastercard

23.12.2023                  02:38:49 CET
Terminal-ID:                    52500038
TA-Nr.:                           000221
Beleg-Nr.:                          0063
Vorgangs-Nr.:                       0164
VU-Nummer:                          9999
App-ID:                   A0000000041010
Karten-Nr.:             xxxxxxxxxxxx5901
Kartenfolge-Nr.:                      00
Erfassungsart:                Kontaktlos
EMV-DATA:
0000048001//420300///05

Maximalbetrag:                  EUR 2,55

####################
55 Geheimzahl falsch
Antwortcode vom Host negativ
( AC 55 )
####################

---------------------------
Info:
AS-Proc-Code= 00 075 06
Capt.-Ref.= 0000
---------------------------

->PT: 80 00 00
<-PT: received 998 from 998
<-PT* BlockReceipt (06D3) size (998)
<-PT$ 06 d3 ff e1 03 06 82 03 dd 1f 07 01 02 25 82 03 d5 07 00 07 28 20 20 20 20 20 20 20 20 20 20 20 2a 2a 20 4b 75 6e 64 65 6e 62 65 6c 65 67 20 2a 2a 20 20 20 20 20 20 20 20 20 20 20 20 07 00 07 28 20 20 20 20 20 20 20 20 4b 61 72 74 65 6e 7a 61 68 6c 75 6e 67 20 4d 61 73 74 65 72 63 61 72 64 20 20 20 20 20 20 20 20 07 00 07 28 32 33 2e 31 32 2e 32 30 32 33 20 20 20 20 20 20 20 20 20 20 20 20 20 20 20 20 20 20 30 32 3a 33 38 3a 34 39 20 43 45 54 07 28 54 65 72 6d 69 6e 61 6c 2d 49 44 3a 20 20 20 20 20 20 20 20 20 20 20 20 20 20 20 20 20 20 20 20 35 32 35 30 30 30 33 38 07 28 54 41 2d 4e 72 2e 3a 20 20 20 20 20 20 20 20 20 20 20 20 20 20 20 20 20 20 20 20 20 20 20 20 20 20 20 30 30 30 32 32 31 07 28 42 65 6c 65 67 2d 4e 72 2e 3a 20 20 20 20 20 20 20 20 20 20 20 20 20 20 20 20 20 20 20 20 20 20 20 20 20 20 30 30 36 33 07 28 56 6f 72 67 61 6e 67 73 2d 4e 72 2e 3a 20 20 20 20 20 20 20 20 20 20 20 20 20 20 20 20 20 20 20 20 20 20 20 30 31 36 34 07 28 56 55 2d 4e 75 6d 6d 65 72 3a 20 20 20 20 20 20 20 20 20 20 20 20 20 20 20 20 20 20 20 20 20 20 20 20 20 20 39 39 39 39 07 28 41 70 70 2d 49 44 3a 20 20 20 20 20 20 20 20 20 20 20 20 20 20 20 20 20 20 20 41 30 30 30 30 30 30 30 30 34 31 30 31 30 07 28 4b 61 72 74 65 6e 2d 4e 72 2e 3a 20 20 20 20 20 20 20 20 20 20 20 20 20 78 78 78 78 78 78 78 78 78 78 78 78 35 39 30 31 07 28 4b 61 72 74 65 6e 66 6f 6c 67 65 2d 4e 72 2e 3a 20 20 20 20 20 20 20 20 20 20 20 20 20 20 20 20 20 20 20 20 20 20 30 30 07 28 45 72 66 61 73 73 75 6e 67 73 61 72 74 3a 20 20 20 20 20 20 20 20 20 20 20 20 20 20 20 20 4b 6f 6e 74 61 6b 74 6c 6f 73 07 28 45 4d 56 2d 44 41 54 41 3a 20 20 20 20 20 20 20 20 20 20 20 20 20 20 20 20 20 20 20 20 20 20 20 20 20 20 20 20 20 20 20 07 28 30 30 30 30 30 34 38 30 30 31 2f 2f 34 32 30 33 30 30 2f 2f 2f 30 35 20 20 20 20 20 20 20 20 20 20 20 20 20 20 20 20 20 07 00 07 28 4d 61 78 69 6d 61 6c 62 65 74 72 61 67 3a 20 20 20 20 20 20 20 20 20 20 20 20 20 20 20 20 20 20 45 55 52 20 32 2c 35 35 07 00 07 28 20 20 20 20 20 20 20 20 20 20 23 23 23 23 23 23 23 23 23 23 23 23 23 23 23 23 23 23 23 23 20 20 20 20 20 20 20 20 20 20 07 28 20 20 20 20 20 20 20 20 20 20 20 47 65 68 65 69 6d 7a 61 68 6c 20 66 61 6c 73 63 68 20 20 20 20 20 20 20 20 20 20 20 20 07 28 20 20 20 20 20 20 20 20 20 20 23 23 23 23 23 23 23 23 23 23 23 23 23 23 23 23 23 23 23 23 20 20 20 20 20 20 20 20 20 20 07 00 07 28 20 20 20 20 20 20 2d 2d 2d 2d 2d 2d 2d 2d 2d 2d 2d 2d 2d 2d 2d 2d 2d 2d 2d 2d 2d 2d 2d 2d 2d 2d 2d 20 20 20 20 20 20 20 07 28 49 6e 66 6f 3a 20 20 20 20 20 20 20 20 20 20 20 20 20 20 20 20 20 20 20 20 20 20 20 20 20 20 20 20 20 20 20 20 20 20 20 07 28 41 53 2d 50 72 6f 63 2d 43 6f 64 65 3d 20 30 30 20 30 37 35 20 30 36 20 20 20 20 20 20 20 20 20 20 20 20 20 20 20 20 20 07 28 43 61 70 74 2e 2d 52 65 66 2e 3d 20 30 30 30 30 20 20 20 20 20 20 20 20 20 20 20 20 20 20 20 20 20 20 20 20 20 20 20 20 07 28 20 20 20 20 20 20 2d 2d 2d 2d 2d 2d 2d 2d 2d 2d 2d 2d 2d 2d 2d 2d 2d 2d 2d 2d 2d 2d 2d 2d 2d 2d 2d 20 20 20 20 20 20 20 09 01 ff
<-PT: BlockReceipt (06D3)
<-PT: is_merchant      : 0
<-PT: is_customer      : 1
<-PT: is_administration: 0
<-PT:

